header1
header2
SITE:	0	8.51469239e-06	0.118007104	11110000000000000100
SITE:	1	8.51469239e-06	0.118007104	00001111111111111111
SITE:	2	8.51469239e-06	0.118007104	00000000000000000011
SITE:	3	8.51469239e-06	0.118007104	11111111011000001000
SITE:	4	8.51469239e-06	0.118007104	01110000100111000011
SITE:	5	8.51469239e-06	0.118007104	00001111000000000100
SITE:	6	8.51469239e-06	0.118007104	00000000000000000001
SITE:	7	8.51469239e-06	0.118007104	01110000000000000000
SITE:	8	8.51469239e-06	0.118007104	00000000011011110000
SITE:	9	8.51469239e-06	0.118007104	00000000100000000000
SITE:	10	8.51469239e-06	0.118007104	00000000100111000000
SITE:	11	8.51469239e-06	0.118007104	10111110100111001110
SITE:	12	8.51469239e-06	0.118007104	10000001000000111101
SITE:	13	8.51469239e-06	0.118007104	01000000011000000000
SITE:	14	8.51469239e-06	0.118007104	11111111111011111111
TOTAL_SAMPLES: 19